%YAML:1.0

#camera calibration
model_type: PINHOLE
camera_name: camera
image_width: 640
image_height: 480

distortion_parameters:
   k1: 0
   k2: 0
   p1: 0
   p2: 0
projection_parameters:
   fx: 612.4993896484375
   fy: 612.2972412109375
   cx: 323.0833740234375
   cy: 237.9653778076172
